50
52 41 30 881 561 765
6 24 2 531 791 542
19 100 57 75 93 459
58 9 36 846 440 481
8 63 79 11 332 325
58 83 17 40 415 78
4 20 53 105 951 643
99 69 42 855 295 786
65 53 95 153 150 86
33 57 49 164 819 980
40 28 14 356 867 928
33 22 100 285 479 650
79 77 70 621 683 516
6 47 20 52 851 969
90 36 25 138 351 595
69 90 23 334 545 641
13 30 63 312 966 493
13 45 69 182 217 651
98 74 49 869 26 200
38 15 87 614 4 737
9 72 26 983 805 822
75 17 3 637 81 469
29 93 13 449 927 929
51 76 2 800 844 279
51 81 45 737 647 148
25 7 71 102 189 127
23 63 96 426 152 976
94 32 68 958 81 646
86 31 21 139 682 465
18 84 97 562 120 143
62 96 49 32 397 889
59 20 4 54 97 555
29 42 38 748 299 618
94 36 1 14 26 534
30 43 18 327 357 389
69 18 85 170 801 81
58 59 52 461 364 200
15 92 41 553 492 191
22 85 78 374 250 104
8 80 98 177 758 606
65 26 75 601 395 176
82 5 34 785 265 498
85 32 41 525 536 732
68 9 68 145 783 570
100 42 49 498 570 406
55 34 83 830 87 730
5 20 34 490 904 798
39 88 81 932 765 316
15 32 25 983 328 507
4 28 100 552 777 469
